# Created by Octave 3.6.4, Sun Sep 08 23:06:29 2013 FLE Daylight Time <unknown@SmilsuElpa>
# name: p
# type: matrix
# rows: 27
# columns: 27
 0.003070330983623282 0.02092877512254604 0.03984143100742806 0.05894841163810902 0.001068786101894181 0.01275256144305556 0.02025349663089472 0.005173896356896828 0.0440582779912651 0.001185380949373546 0.01310234598549366 0.07332844282723072 0.02801191210691747 0.2238426746858012 0.001044495508669313 0.02744837034410054 0.0005198186950121696 0.09049703411856724 0.1123828586141731 0.1417016046365884 0.01239791878197249 0.02316350969923387 0.01607551459621747 0.0002526221695386245 0.02705972085250266 0.001884950034249737 4.858118644973548e-006
 0.09329681418480611 0.006832924895487963 0.0003459708807842006 0.0006342799481043679 0.3285281822113306 0.0001441545336600836 8.649272019605016e-005 0.0005477872279083178 0.02983998846763731 0.005103070491566959 2.883090673201672e-005 0.1048868386910768 0.002219979818365287 0.0005477872279083178 0.1186968430157128 0.0002018163471241171 5.766181346403344e-005 0.05705636442266109 0.01427129883234828 0.008159146605160733 0.1523136802652443 0.001441545336600836 0.001066743549084619 2.883090673201672e-005 0.0736053048868387 2.883090673201672e-005 2.883090673201672e-005
 0.110244266389853 0.0004703668861712136 0.01780906348331009 0.0006487819119602946 0.2138060790865151 0.0005514646251662504 0.0003081714081811399 0.1886657799980536 0.04213838518182113 4.865864339702209e-005 0.04262497161579135 0.0328121451973919 0.0002919518603821325 0.0001135368345930515 0.2086969215298277 0.0004703668861712136 0.001962565283679891 0.03383397670872936 0.002919518603821325 0.06766795341745872 0.02749213351931748 0.0001135368345930515 0.001070490154734486 1.621954779900736e-005 0.005092938008888312 0.0001135368345930515 1.621954779900736e-005
 0.09761828293243631 0.03981642691729069 0.01693740597373181 0.02664007167125881 0.1272418397876908 0.02227049138761642 0.0134045538295103 0.06346456160516574 0.1013624300613601 0.004039960107506888 0.004251255092209132 0.02355516489460606 0.02053787251305803 0.03738230869352085 0.07700434422488547 0.02216906979495935 0.001690359877617945 0.04523403032505621 0.06305887523453743 0.1185195828191822 0.01623590662452036 0.005764127182677192 0.03574265961223144 1.690359877617945e-005 0.01573725046062307 0.0002958129785831404 8.451799388089724e-006
 0.08085296692421878 0.01570370088430455 0.03777325264212943 0.1041500145903906 0.035277027112752 0.02706517464063234 0.01415585074664738 0.02832756061355764 0.02703345640010657 0.00109745112219135 0.00367931590098834 0.04273715728441112 0.03629201080957637 0.09224933074512491 0.02714447024194674 0.02504155089508875 0.001979218208807521 0.1533323183496365 0.09514203428107436 0.05989355358479555 0.004418350905238584 0.02122901838389221 0.03864550425658788 0.009946840228878824 0.01615092807571778 0.0006787703472512973 3.171824052576155e-006
 0.1077690585000819 0.01052382426305919 0.01174371392677021 0.006518216412067804 0.0896709939369663 0.06024798354059319 0.005025217122152832 0.03907288385557963 0.1013054640132549 0.001802523532946125 0.001966389308668499 0.02849443766727965 0.01347340822606194 0.005571436374560749 0.1589498024507037 0.01074231196402236 0.0003277315514447499 0.1103180816779855 0.02068350235784644 0.1515394279263697 0.03674234837863918 0.002658267028385194 0.01720590645084937 1.820730841359722e-005 0.007501411066402053 0.0001092438504815833 1.820730841359722e-005
 0.1270787085718737 0.01793433812361257 0.009444249717646142 0.009600031156287728 0.1219573937765315 0.01631810569770612 0.01335825836351599 0.1595980838883047 0.07417143747322506 0.001246251509132687 0.0009346886318495151 0.03627760252365931 0.01199517077540211 0.02673598940686217 0.09401409822019706 0.01127468162168478 0.0007983798730381275 0.06529189547065467 0.03951006737547221 0.09656501927795304 0.03399929898352611 0.002044631382170814 0.02473030338435175 1.947267983019823e-005 0.004887642637379756 0.0001947267983019823 1.947267983019823e-005
 0.181763342730183 0.002765301734435472 0.003087820727220603 0.00257417936834058 0.4510189211142434 0.002562234220459649 0.001260213101438196 0.01254837784891777 0.1597424626116871 0.0002568206794400115 0.0009078312389507382 0.002275550671317311 0.005190166754264418 0.002484590759233599 0.08632758373548664 0.002998232118113622 0.0001911223660948923 0.00943069425199484 0.007382101390415213 0.04100172010129485 0.01022504658607674 0.0005076687849395575 0.006456352429643079 5.972573940465383e-006 0.006981938936404032 4.778059152372306e-005 5.972573940465383e-006
 0.02088221626862332 0.008490571449879813 0.0520334344935202 0.05235469935919133 0.04886094394501781 0.02207548576968751 0.0250185014141391 0.003413439197755735 0.003321649236135413 9.17899616203223e-005 0.008662677627917916 0.04951494742156261 0.05813173006867037 0.2784104273396401 0.04337075686560229 0.005237764684959641 0.0002524223944558863 0.03459334178565897 0.1294525302476608 0.1253105082295438 0.001009689577823545 0.0202913183906925 0.003837967770249726 0.001864483595412797 8.605308901905215e-005 0.003424912942958276 5.736872601270143e-006
 0.03844675124951941 0.0003844675124951942 0.0003844675124951942 0.0003844675124951942 0.2176086120722799 0.0003844675124951942 0.0003844675124951942 0.0003844675124951942 0.00461361014994233 0.0003844675124951942 0.0003844675124951942 0.0003844675124951942 0.0003844675124951942 0.0003844675124951942 0.2756632064590542 0.0003844675124951942 0.0003844675124951942 0.0003844675124951942 0.0003844675124951942 0.0003844675124951942 0.4552095347943099 0.0003844675124951942 0.0003844675124951942 0.0003844675124951942 0.0003844675124951942 0.0003844675124951942 0.0003844675124951942
 0.07029035096294849 0.01031381366702512 0.007576498191416561 0.003763808778961775 0.2802815524489197 0.009825007332095024 0.004008211946426826 0.06193176263564376 0.1830579724313227 0.0005376869684231108 0.0006354482354091309 0.02072538860103627 0.00703881122299345 0.1062664972138039 0.05846123765764005 0.00738097565744452 0.0007332095023951511 0.009873887965588034 0.05147130706813961 0.03724704272167367 0.03675823638674357 0.001124254570339232 0.02023658226610617 4.888063349301007e-005 0.01026493303353211 9.776126698602014e-005 4.888063349301007e-005
 0.09482776477411604 0.007405182592124614 0.005520227023220167 0.07550179174348033 0.1803757482859333 0.02854361290055306 0.004059904302255732 0.009497276135633946 0.106489632744371 0.0002589224682561054 0.01192079043851109 0.1399631294405203 0.009756198603890051 0.004608819934958676 0.09485883547030677 0.008161236199432442 0.0004660604428609897 0.008741222528326119 0.02647223315450422 0.0401951239720778 0.01663317936077221 0.005427014934647969 0.0137021770201131 1.035689873024422e-005 0.1063032085672266 0.000289993164446838 1.035689873024422e-005
 0.1879752890243705 0.0272728746777358 0.004491430609829261 0.003632059410114637 0.2492014333663029 0.007620838940865533 0.002529469946329836 0.01775493327712289 0.0946281192742367 0.0003891492225122825 0.0009566585053426945 0.005415660013295932 0.02673779449678141 0.008528853793394192 0.1202633243072333 0.06122614434193245 0.0003891492225122825 0.004621147017333355 0.04288748723104114 0.04392521849107389 0.02952669725811944 0.001426880482545036 0.01627940914176382 1.621455093801177e-005 0.04225511974445868 3.242910187602354e-005 1.621455093801177e-005
 0.06227945407758873 0.008718689265045982 0.05593858915755529 0.1921966102431027 0.08564510700209553 0.01198141171105634 0.1384946960402167 0.02190529961672512 0.04690502817558984 0.00116176805897873 0.009109564499842564 0.01516270181648408 0.006362580210855474 0.01355577029565368 0.08458105775181594 0.007079184807982541 0.00169922150682403 0.005222527442698776 0.0488268314133397 0.1401559157881022 0.007524348269834204 0.005151952747527172 0.01630275458464078 0.0004614499299681871 0.01339833443719395 0.0001737223265762587 5.428822705508084e-006
