# Created by Octave 3.6.4, Fri Sep 06 17:57:29 2013 FLE Daylight Time <unknown@placenis>
# name: p
# type: matrix
# rows: 27
# columns: 27
 0.03448275862068965 0.03448275862068965 0.03448275862068965 0.03448275862068965 0.03448275862068965 0.03448275862068965 0.03448275862068965 0.03448275862068965 0.03448275862068965 0.03448275862068965 0.03448275862068965 0.03448275862068965 0.03448275862068965 0.03448275862068965 0.03448275862068965 0.03448275862068965 0.03448275862068965 0.06896551724137931 0.03448275862068965 0.03448275862068965 0.03448275862068965 0.03448275862068965 0.03448275862068965 0.03448275862068965 0.06896551724137931 0.03448275862068965 0.03448275862068965
 0.02702702702702703 0.02702702702702703 0.02702702702702703 0.02702702702702703 0.02702702702702703 0.02702702702702703 0.02702702702702703 0.02702702702702703 0.02702702702702703 0.02702702702702703 0.02702702702702703 0.02702702702702703 0.05405405405405406 0.02702702702702703 0.02702702702702703 0.02702702702702703 0.02702702702702703 0.02702702702702703 0.02702702702702703 0.02702702702702703 0.02702702702702703 0.02702702702702703 0.02702702702702703 0.02702702702702703 0.05405405405405406 0.02702702702702703 0.2432432432432433
 0.03225806451612903 0.03225806451612903 0.03225806451612903 0.03225806451612903 0.03225806451612903 0.03225806451612903 0.03225806451612903 0.03225806451612903 0.03225806451612903 0.03225806451612903 0.03225806451612903 0.03225806451612903 0.09677419354838709 0.03225806451612903 0.03225806451612903 0.03225806451612903 0.03225806451612903 0.03225806451612903 0.03225806451612903 0.03225806451612903 0.03225806451612903 0.06451612903225806 0.03225806451612903 0.03225806451612903 0.03225806451612903 0.03225806451612903 0.06451612903225806
 0.03703703703703703 0.03703703703703703 0.03703703703703703 0.03703703703703703 0.03703703703703703 0.03703703703703703 0.03703703703703703 0.03703703703703703 0.03703703703703703 0.03703703703703703 0.03703703703703703 0.03703703703703703 0.03703703703703703 0.03703703703703703 0.03703703703703703 0.03703703703703703 0.03703703703703703 0.03703703703703703 0.03703703703703703 0.03703703703703703 0.03703703703703703 0.03703703703703703 0.03703703703703703 0.03703703703703703 0.03703703703703703 0.03703703703703703 0.03703703703703703
 0.03703703703703703 0.03703703703703703 0.03703703703703703 0.03703703703703703 0.03703703703703703 0.03703703703703703 0.03703703703703703 0.03703703703703703 0.03703703703703703 0.03703703703703703 0.03703703703703703 0.03703703703703703 0.03703703703703703 0.03703703703703703 0.03703703703703703 0.03703703703703703 0.03703703703703703 0.03703703703703703 0.03703703703703703 0.03703703703703703 0.03703703703703703 0.03703703703703703 0.03703703703703703 0.03703703703703703 0.03703703703703703 0.03703703703703703 0.03703703703703703
 0.02380952380952381 0.02380952380952381 0.02380952380952381 0.02380952380952381 0.02380952380952381 0.02380952380952381 0.02380952380952381 0.02380952380952381 0.04761904761904762 0.02380952380952381 0.02380952380952381 0.02380952380952381 0.04761904761904762 0.02380952380952381 0.02380952380952381 0.02380952380952381 0.04761904761904762 0.09523809523809523 0.02380952380952381 0.02380952380952381 0.04761904761904762 0.02380952380952381 0.04761904761904762 0.02380952380952381 0.09523809523809523 0.02380952380952381 0.119047619047619
 0.03571428571428571 0.03571428571428571 0.03571428571428571 0.03571428571428571 0.03571428571428571 0.03571428571428571 0.03571428571428571 0.03571428571428571 0.03571428571428571 0.03571428571428571 0.03571428571428571 0.03571428571428571 0.03571428571428571 0.03571428571428571 0.03571428571428571 0.03571428571428571 0.03571428571428571 0.03571428571428571 0.03571428571428571 0.03571428571428571 0.03571428571428571 0.03571428571428571 0.03571428571428571 0.03571428571428571 0.03571428571428571 0.03571428571428571 0.07142857142857142
 0.03225806451612903 0.03225806451612903 0.03225806451612903 0.03225806451612903 0.03225806451612903 0.09677419354838709 0.03225806451612903 0.03225806451612903 0.06451612903225806 0.03225806451612903 0.03225806451612903 0.03225806451612903 0.03225806451612903 0.03225806451612903 0.03225806451612903 0.03225806451612903 0.03225806451612903 0.06451612903225806 0.03225806451612903 0.03225806451612903 0.03225806451612903 0.03225806451612903 0.03225806451612903 0.03225806451612903 0.03225806451612903 0.03225806451612903 0.03225806451612903
 0.01785714285714286 0.01785714285714286 0.01785714285714286 0.01785714285714286 0.01785714285714286 0.03571428571428571 0.03571428571428571 0.01785714285714286 0.01785714285714286 0.01785714285714286 0.01785714285714286 0.01785714285714286 0.05357142857142857 0.125 0.01785714285714286 0.01785714285714286 0.01785714285714286 0.03571428571428571 0.01785714285714286 0.01785714285714286 0.01785714285714286 0.01785714285714286 0.01785714285714286 0.1785714285714286 0.05357142857142857 0.01785714285714286 0.1428571428571428
 0.02702702702702703 0.02702702702702703 0.02702702702702703 0.02702702702702703 0.02702702702702703 0.02702702702702703 0.02702702702702703 0.02702702702702703 0.05405405405405406 0.02702702702702703 0.02702702702702703 0.02702702702702703 0.08108108108108109 0.02702702702702703 0.02702702702702703 0.02702702702702703 0.02702702702702703 0.05405405405405406 0.02702702702702703 0.02702702702702703 0.02702702702702703 0.02702702702702703 0.02702702702702703 0.1621621621621622 0.02702702702702703 0.02702702702702703 0.05405405405405406
 0.03703703703703703 0.03703703703703703 0.03703703703703703 0.03703703703703703 0.03703703703703703 0.03703703703703703 0.03703703703703703 0.03703703703703703 0.03703703703703703 0.03703703703703703 0.03703703703703703 0.03703703703703703 0.03703703703703703 0.03703703703703703 0.03703703703703703 0.03703703703703703 0.03703703703703703 0.03703703703703703 0.03703703703703703 0.03703703703703703 0.03703703703703703 0.03703703703703703 0.03703703703703703 0.03703703703703703 0.03703703703703703 0.03703703703703703 0.03703703703703703
 0.03571428571428571 0.03571428571428571 0.03571428571428571 0.03571428571428571 0.03571428571428571 0.03571428571428571 0.03571428571428571 0.03571428571428571 0.03571428571428571 0.03571428571428571 0.03571428571428571 0.03571428571428571 0.03571428571428571 0.03571428571428571 0.03571428571428571 0.03571428571428571 0.03571428571428571 0.03571428571428571 0.03571428571428571 0.03571428571428571 0.03571428571428571 0.03571428571428571 0.03571428571428571 0.03571428571428571 0.07142857142857142 0.03571428571428571 0.03571428571428571
 0.02040816326530612 0.04081632653061224 0.02040816326530612 0.02040816326530612 0.02040816326530612 0.1020408163265306 0.02040816326530612 0.02040816326530612 0.04081632653061224 0.04081632653061224 0.02040816326530612 0.02040816326530612 0.02040816326530612 0.02040816326530612 0.04081632653061224 0.04081632653061224 0.06122448979591837 0.02040816326530612 0.02040816326530612 0.02040816326530612 0.1020408163265306 0.06122448979591837 0.06122448979591837 0.02040816326530612 0.06122448979591837 0.02040816326530612 0.04081632653061224
 0.02941176470588235 0.02941176470588235 0.02941176470588235 0.02941176470588235 0.02941176470588235 0.02941176470588235 0.02941176470588235 0.02941176470588235 0.02941176470588235 0.02941176470588235 0.02941176470588235 0.02941176470588235 0.05882352941176471 0.02941176470588235 0.02941176470588235 0.02941176470588235 0.02941176470588235 0.1470588235294118 0.02941176470588235 0.02941176470588235 0.02941176470588235 0.02941176470588235 0.02941176470588235 0.02941176470588235 0.05882352941176471 0.02941176470588235 0.05882352941176471
 0.03448275862068965 0.03448275862068965 0.03448275862068965 0.03448275862068965 0.03448275862068965 0.03448275862068965 0.03448275862068965 0.03448275862068965 0.03448275862068965 0.03448275862068965 0.03448275862068965 0.03448275862068965 0.03448275862068965 0.03448275862068965 0.03448275862068965 0.103448275862069 0.03448275862068965 0.03448275862068965 0.03448275862068965 0.03448275862068965 0.03448275862068965 0.03448275862068965 0.03448275862068965 0.03448275862068965 0.03448275862068965 0.03448275862068965 0.03448275862068965
 0.02272727272727273 0.02272727272727273 0.02272727272727273 0.02272727272727273 0.02272727272727273 0.02272727272727273 0.02272727272727273 0.04545454545454546 0.02272727272727273 0.02272727272727273 0.02272727272727273 0.02272727272727273 0.06818181818181818 0.02272727272727273 0.02272727272727273 0.04545454545454546 0.02272727272727273 0.2045454545454546 0.02272727272727273 0.02272727272727273 0.02272727272727273 0.02272727272727273 0.02272727272727273 0.09090909090909091 0.02272727272727273 0.02272727272727273 0.06818181818181818
 0.02564102564102564 0.02564102564102564 0.1025641025641026 0.02564102564102564 0.02564102564102564 0.05128205128205128 0.02564102564102564 0.02564102564102564 0.02564102564102564 0.02564102564102564 0.02564102564102564 0.02564102564102564 0.07692307692307693 0.02564102564102564 0.02564102564102564 0.07692307692307693 0.02564102564102564 0.05128205128205128 0.02564102564102564 0.02564102564102564 0.02564102564102564 0.02564102564102564 0.02564102564102564 0.1025641025641026 0.02564102564102564 0.02564102564102564 0.02564102564102564
 0.01639344262295082 0.01639344262295082 0.01639344262295082 0.01639344262295082 0.01639344262295082 0.03278688524590164 0.01639344262295082 0.01639344262295082 0.06557377049180328 0.03278688524590164 0.01639344262295082 0.01639344262295082 0.1311475409836066 0.01639344262295082 0.01639344262295082 0.01639344262295082 0.01639344262295082 0.01639344262295082 0.01639344262295082 0.04918032786885246 0.01639344262295082 0.06557377049180328 0.03278688524590164 0.01639344262295082 0.01639344262295082 0.01639344262295082 0.2786885245901639
 0.03703703703703703 0.03703703703703703 0.03703703703703703 0.03703703703703703 0.03703703703703703 0.03703703703703703 0.03703703703703703 0.03703703703703703 0.03703703703703703 0.03703703703703703 0.03703703703703703 0.03703703703703703 0.03703703703703703 0.03703703703703703 0.03703703703703703 0.03703703703703703 0.03703703703703703 0.03703703703703703 0.03703703703703703 0.03703703703703703 0.03703703703703703 0.03703703703703703 0.03703703703703703 0.03703703703703703 0.03703703703703703 0.03703703703703703 0.03703703703703703
 0.0303030303030303 0.0303030303030303 0.0303030303030303 0.0303030303030303 0.0303030303030303 0.0303030303030303 0.0303030303030303 0.06060606060606061 0.0303030303030303 0.0303030303030303 0.0303030303030303 0.0303030303030303 0.0303030303030303 0.0303030303030303 0.0303030303030303 0.0303030303030303 0.0303030303030303 0.06060606060606061 0.0303030303030303 0.0303030303030303 0.0303030303030303 0.0303030303030303 0.0303030303030303 0.0303030303030303 0.09090909090909091 0.0303030303030303 0.09090909090909091
 0.02631578947368421 0.02631578947368421 0.02631578947368421 0.02631578947368421 0.02631578947368421 0.02631578947368421 0.02631578947368421 0.02631578947368421 0.02631578947368421 0.02631578947368421 0.02631578947368421 0.02631578947368421 0.02631578947368421 0.02631578947368421 0.02631578947368421 0.1052631578947368 0.02631578947368421 0.07894736842105263 0.02631578947368421 0.02631578947368421 0.02631578947368421 0.02631578947368421 0.02631578947368421 0.02631578947368421 0.05263157894736842 0.02631578947368421 0.1578947368421053
 0.02083333333333333 0.02083333333333333 0.02083333333333333 0.02083333333333333 0.02083333333333333 0.02083333333333333 0.02083333333333333 0.02083333333333333 0.2708333333333333 0.02083333333333333 0.02083333333333333 0.02083333333333333 0.04166666666666666 0.02083333333333333 0.02083333333333333 0.02083333333333333 0.02083333333333333 0.02083333333333333 0.02083333333333333 0.02083333333333333 0.02083333333333333 0.04166666666666666 0.02083333333333333 0.02083333333333333 0.0625 0.02083333333333333 0.125
 0.02 0.02 0.02 0.02 0.02 0.02 0.02 0.04 0.04 0.02 0.02 0.02 0.02 0.02 0.02 0.02 0.04 0.14 0.02 0.06 0.14 0.02 0.02 0.04 0.02 0.02 0.12
 0.01724137931034483 0.1551724137931035 0.03448275862068965 0.01724137931034483 0.01724137931034483 0.1206896551724138 0.01724137931034483 0.03448275862068965 0.03448275862068965 0.03448275862068965 0.01724137931034483 0.01724137931034483 0.01724137931034483 0.01724137931034483 0.01724137931034483 0.01724137931034483 0.05172413793103448 0.01724137931034483 0.01724137931034483 0.01724137931034483 0.01724137931034483 0.01724137931034483 0.1551724137931035 0.05172413793103448 0.01724137931034483 0.01724137931034483 0.03448275862068965
 0.02173913043478261 0.02173913043478261 0.02173913043478261 0.02173913043478261 0.02173913043478261 0.02173913043478261 0.02173913043478261 0.02173913043478261 0.04347826086956522 0.02173913043478261 0.02173913043478261 0.02173913043478261 0.02173913043478261 0.02173913043478261 0.02173913043478261 0.08695652173913043 0.02173913043478261 0.02173913043478261 0.02173913043478261 0.04347826086956522 0.02173913043478261 0.108695652173913 0.1956521739130435 0.06521739130434782 0.02173913043478261 0.02173913043478261 0.02173913043478261
 0.03703703703703703 0.03703703703703703 0.03703703703703703 0.03703703703703703 0.03703703703703703 0.03703703703703703 0.03703703703703703 0.03703703703703703 0.03703703703703703 0.03703703703703703 0.03703703703703703 0.03703703703703703 0.03703703703703703 0.03703703703703703 0.03703703703703703 0.03703703703703703 0.03703703703703703 0.03703703703703703 0.03703703703703703 0.03703703703703703 0.03703703703703703 0.03703703703703703 0.03703703703703703 0.03703703703703703 0.03703703703703703 0.03703703703703703 0.03703703703703703
 0.03448275862068965 0.02298850574712644 0.01149425287356322 0.01149425287356322 0.01149425287356322 0.01149425287356322 0.01149425287356322 0.01149425287356322 0.103448275862069 0.09195402298850575 0.01149425287356322 0.02298850574712644 0.02298850574712644 0.02298850574712644 0.02298850574712644 0.06896551724137931 0.08045977011494253 0.05747126436781609 0.01149425287356322 0.02298850574712644 0.01149425287356322 0.1264367816091954 0.04597701149425287 0.08045977011494253 0.04597701149425287 0.01149425287356322 0.01149425287356322


