# Created by Octave 3.6.4, Fri Sep 06 17:57:29 2013 FLE Daylight Time <unknown@placenis>
# name: p
# type: matrix
# rows: 27
# columns: 27
 0.03448275862068965 0.03448275862068965 0.03448275862068965 0.03448275862068965 0.03448275862068965 0.03448275862068965 0.03448275862068965 0.03448275862068965 0.03448275862068965 0.03448275862068965 0.03448275862068965 0.03448275862068965 0.03448275862068965 0.03448275862068965 0.03448275862068965 0.03448275862068965 0.03448275862068965 0.06896551724137931 0.03448275862068965 0.03448275862068965 0.03448275862068965 0.03448275862068965 0.03448275862068965 0.03448275862068965 0.06896551724137931 0.03448275862068965 0.03448275862068965
 0.02702702702702703 0.02702702702702703 0.02702702702702703 0.02702702702702703 0.02702702702702703 0.02702702702702703 0.02702702702702703 0.02702702702702703 0.02702702702702703 0.02702702702702703 0.02702702702702703 0.02702702702702703 0.05405405405405406 0.02702702702702703 0.02702702702702703 0.02702702702702703 0.02702702702702703 0.02702702702702703 0.02702702702702703 0.02702702702702703 0.02702702702702703 0.02702702702702703 0.02702702702702703 0.02702702702702703 0.05405405405405406 0.02702702702702703 0.2432432432432433
 0.03225806451612903 0.03225806451612903 0.03225806451612903 0.03225806451612903 0.03225806451612903 0.03225806451612903 0.03225806451612903 0.03225806451612903 0.03225806451612903 0.03225806451612903 0.03225806451612903 0.03225806451612903 0.09677419354838709 0.03225806451612903 0.03225806451612903 0.03225806451612903 0.03225806451612903 0.03225806451612903 0.03225806451612903 0.03225806451612903 0.03225806451612903 0.06451612903225806 0.03225806451612903 0.03225806451612903 0.03225806451612903 0.03225806451612903 0.06451612903225806
 0.03703703703703703 0.03703703703703703 0.03703703703703703 0.03703703703703703 0.03703703703703703 0.03703703703703703 0.03703703703703703 0.03703703703703703 0.03703703703703703 0.03703703703703703 0.03703703703703703 0.03703703703703703 0.03703703703703703 0.03703703703703703 0.03703703703703703 0.03703703703703703 0.03703703703703703 0.03703703703703703 0.03703703703703703 0.03703703703703703 0.03703703703703703 0.03703703703703703 0.03703703703703703 0.03703703703703703 0.03703703703703703 0.03703703703703703 0.03703703703703703
 0.03703703703703703 0.03703703703703703 0.03703703703703703 0.03703703703703703 0.03703703703703703 0.03703703703703703 0.03703703703703703 0.03703703703703703 0.03703703703703703 0.03703703703703703 0.03703703703703703 0.03703703703703703 0.03703703703703703 0.03703703703703703 0.03703703703703703 0.03703703703703703 0.03703703703703703 0.03703703703703703 0.03703703703703703 0.03703703703703703 0.03703703703703703 0.03703703703703703 0.03703703703703703 0.03703703703703703 0.03703703703703703 0.03703703703703703 0.03703703703703703
 0.02380952380952381 0.02380952380952381 0.02380952380952381 0.02380952380952381 0.02380952380952381 0.02380952380952381 0.02380952380952381 0.02380952380952381 0.04761904761904762 0.02380952380952381 0.02380952380952381 0.02380952380952381 0.04761904761904762 0.02380952380952381 0.02380952380952381 0.02380952380952381 0.04761904761904762 0.09523809523809523 0.02380952380952381 0.02380952380952381 0.04761904761904762 0.02380952380952381 0.04761904761904762 0.02380952380952381 0.09523809523809523 0.02380952380952381 0.119047619047619
 0.03571428571428571 0.03571428571428571 0.03571428571428571 0.03571428571428571 0.03571428571428571 0.03571428571428571 0.03571428571428571 0.03571428571428571 0.03571428571428571 0.03571428571428571 0.03571428571428571 0.03571428571428571 0.03571428571428571 0.03571428571428571 0.03571428571428571 0.03571428571428571 0.03571428571428571 0.03571428571428571 0.03571428571428571 0.03571428571428571 0.03571428571428571 0.03571428571428571 0.03571428571428571 0.03571428571428571 0.03571428571428571 0.03571428571428571 0.07142857142857142
 0.03225806451612903 0.03225806451612903 0.03225806451612903 0.03225806451612903 0.03225806451612903 0.09677419354838709 0.03225806451612903 0.03225806451612903 0.06451612903225806 0.03225806451612903 0.03225806451612903 0.03225806451612903 0.03225806451612903 0.03225806451612903 0.03225806451612903 0.03225806451612903 0.03225806451612903 0.06451612903225806 0.03225806451612903 0.03225806451612903 0.03225806451612903 0.03225806451612903 0.03225806451612903 0.03225806451612903 0.03225806451612903 0.03225806451612903 0.03225806451612903
 0.01785714285714286 0.01785714285714286 0.01785714285714286 0.01785714285714286 0.01785714285714286 0.03571428571428571 0.03571428571428571 0.01785714285714286 0.01785714285714286 0.01785714285714286 0.01785714285714286 0.01785714285714286 0.05357142857142857 0.125 0.01785714285714286 0.01785714285714286 0.01785714285714286 0.03571428571428571 0.01785714285714286 0.01785714285714286 0.01785714285714286 0.01785714285714286 0.01785714285714286 0.1785714285714286 0.05357142857142857 0.01785714285714286 0.1428571428571428
 0.02702702702702703 0.02702702702702703 0.02702702702702703 0.02702702702702703 0.02702702702702703 0.02702702702702703 0.02702702702702703 0.02702702702702703 0.05405405405405406 0.02702702702702703 0.02702702702702703 0.02702702702702703 0.08108108108108109 0.02702702702702703 0.02702702702702703 0.02702702702702703 0.02702702702702703 0.05405405405405406 0.02702702702702703 0.02702702702702703 0.02702702702702703 0.02702702702702703 0.02702702702702703 0.1621621621621622 0.02702702702702703 0.02702702702702703 0.05405405405405406
 0.03703703703703703 0.03703703703703703 0.03703703703703703 0.03703703703703703 0.03703703703703703 0.03703703703703703 0.03703703703703703 0.03703703703703703 0.03703703703703703 0.03703703703703703 0.03703703703703703 0.03703703703703703 0.03703703703703703 0.03703703703703703 0.03703703703703703 0.03703703703703703 0.03703703703703703 0.03703703703703703 0.03703703703703703 0.03703703703703703 0.03703703703703703 0.03703703703703703 0.03703703703703703 0.03703703703703703 0.03703703703703703 0.03703703703703703 0.03703703703703703
 0.03571428571428571 0.03571428571428571 0.03571428571428571 0.03571428571428571 0.03571428571428571 0.03571428571428571 0.03571428571428571 0.03571428571428571 0.03571428571428571 0.03571428571428571 0.03571428571428571 0.03571428571428571 0.03571428571428571 0.03571428571428571 0.03571428571428571 0.03571428571428571 0.03571428571428571 0.03571428571428571 0.03571428571428571 0.03571428571428571 0.03571428571428571 0.03571428571428571 0.03571428571428571 0.03571428571428571 0.07142857142857142 0.03571428571428571 0.03571428571428571
 0.02040816326530612 0.04081632653061224 0.02040816326530612 0.02040816326530612 0.02040816326530612 0.1020408163265306 0.02040816326530612 0.02040816326530612 0.04081632653061224 0.04081632653061224 0.02040816326530612 0.02040816326530612 0.02040816326530612 0.02040816326530612 0.04081632653061224 0.04081632653061224 0.06122448979591837 0.02040816326530612 0.02040816326530612 0.02040816326530612 0.1020408163265306 0.06122448979591837 0.06122448979591837 0.02040816326530612 0.06122448979591837 0.02040816326530612 0.04081632653061224
 0.02941176470588235 0.02941176470588235 0.02941176470588235 0.02941176470588235 0.02941176470588235 0.02941176470588235 0.02941176470588235 0.02941176470588235 0.02941176470588235 0.02941176470588235 0.02941176470588235 0.02941176470588235 0.05882352941176471 0.02941176470588235 0.02941176470588235 0.02941176470588235 0.02941176470588235 0.1470588235294118 0.02941176470588235 0.02941176470588235 0.02941176470588235 0.02941176470588235 0.02941176470588235 0.02941176470588235 0.05882352941176471 0.02941176470588235 0.05882352941176471
